0,10
37.7,-122.25,3232,-196.858
37.699421,-122.25,3232,-195.858
37.698842,-122.25,3232,-194.858
37.698263,-122.25,3232,-193.858
37.697684,-122.25,3232,-192.858
37.697105,-122.25,3232,-191.858
37.696525,-122.25,3232,-190.858
37.695946,-122.25,3232,-189.858
37.695367,-122.25,3232,-188.858
37.694788,-122.25,3232,-187.858
37.694209,-122.25,3232,-186.858
37.69363,-122.25,3232,-185.858
37.693051,-122.25,3232,-184.858
37.692472,-122.25,3232,-183.858
37.691893,-122.25,3232,-182.858
37.691314,-122.25,3232,-181.858
37.690734,-122.25,3232,-180.858
37.690155,-122.25,3232,-179.858
37.689576,-122.25,3232,-178.858
37.688997,-122.25,3232,-177.858
37.688418,-122.25,3232,-176.858
37.687839,-122.25,3232,-175.858
37.68726,-122.25,3232,-174.858
37.686681,-122.25,3232,-173.858
37.686102,-122.25,3232,-172.858
37.685523,-122.25,3232,-171.858
37.684943,-122.25,3232,-170.858
37.684364,-122.25,3232,-169.858
37.683785,-122.25,3232,-168.858
37.683206,-122.25,3232,-167.858
37.682627,-122.25,3232,-166.858
37.682048,-122.25,3232,-165.858
37.681469,-122.25,3232,-164.858
37.68089,-122.25,3232,-163.858
37.680311,-122.25,3232,-162.858
37.679732,-122.25,3232,-161.858
37.679152,-122.25,3232,-160.858
37.678573,-122.25,3232,-159.858
37.677994,-122.25,3232,-158.858
37.677415,-122.25,3232,-157.858
37.676836,-122.25,3232,-156.858
37.676257,-122.25,3232,-155.858
37.675678,-122.25,3232,-154.858
37.675099,-122.25,3232,-153.858
37.67452,-122.25,3232,-152.858
37.673941,-122.25,3232,-151.858
37.673362,-122.25,3232,-150.858
37.672782,-122.25,3232,-149.858
37.672203,-122.25,3232,-148.858
37.671624,-122.25,3232,-147.858
37.671045,-122.25,3232,-146.858
37.670466,-122.25,3232,-145.858
37.669887,-122.25,3232,-144.858
37.669308,-122.25,3232,-143.858
37.668729,-122.25,3232,-142.858
37.66815,-122.25,3232,-141.858
37.667571,-122.25,3232,-140.858
37.666991,-122.25,3232,-139.858
37.666412,-122.25,3232,-138.858
37.665833,-122.25,3232,-137.858
37.665254,-122.25,3232,-136.858
37.664675,-122.25,3232,-135.858
37.664096,-122.25,3232,-134.858
37.663517,-122.25,3232,-133.858
37.662938,-122.25,3232,-132.858
37.662359,-122.25,3232,-131.858
37.66178,-122.25,3232,-130.858
37.6612,-122.25,3232,-129.858
37.660621,-122.25,3232,-128.858
37.660042,-122.25,3232,-127.858
37.659463,-122.25,3232,-126.858
37.658884,-122.25,3232,-125.858
37.658305,-122.25,3232,-124.858
37.657726,-122.25,3232,-123.858
37.657147,-122.25,3232,-122.858
37.656568,-122.25,3232,-121.858
37.655989,-122.25,3232,-120.858
37.655409,-122.25,3232,-119.858
37.65483,-122.25,3232,-118.858
37.654251,-122.25,3232,-117.858
37.653672,-122.25,3232,-116.858
37.653093,-122.25,3232,-115.858
37.652514,-122.25,3232,-114.858
37.651935,-122.25,3232,-113.858
37.651356,-122.25,3232,-112.858
37.650777,-122.25,3232,-111.858
37.650198,-122.25,3232,-110.858
37.649619,-122.25,3232,-109.858
37.649039,-122.25,3232,-108.858
37.64846,-122.25,3232,-107.858
37.647881,-122.25,3232,-106.858
37.647302,-122.25,3232,-105.858
37.646723,-122.25,3232,-104.858
37.646144,-122.25,3232,-103.858
37.645565,-122.25,3232,-102.858
37.644986,-122.25,3232,-101.858
37.644407,-122.25,3232,-100.858
37.643828,-122.25,3232,-99.858
37.643248,-122.25,3232,-98.858
37.642669,-122.25,3232,-97.858
37.64209,-122.25,3232,-96.858
37.641511,-122.25,3232,-95.858
37.640932,-122.25,3232,-94.858
37.640353,-122.25,3232,-93.858
37.639774,-122.25,3232,-92.858
37.639195,-122.25,3232,-91.858
37.638616,-122.25,3232,-90.858
37.638037,-122.25,3232,-89.858
37.637457,-122.25,3232,-88.858
37.636878,-122.25,3232,-87.858
37.636299,-122.25,3232,-86.858
37.63572,-122.25,3232,-85.858
37.635141,-122.25,3232,-84.858
37.634562,-122.25,3232,-83.858
37.633983,-122.25,3232,-82.858
37.633404,-122.25,3232,-81.858
37.632825,-122.25,3232,-80.858
37.632246,-122.25,3232,-79.858
37.631666,-122.25,3232,-78.858
37.631087,-122.25,3232,-77.858
37.630508,-122.25,3232,-76.858
37.629929,-122.25,3232,-75.858
37.62935,-122.25,3232,-74.858
37.628771,-122.25,3232,-73.858
37.628192,-122.25,3232,-72.858
37.627613,-122.25,3232,-71.858
37.627034,-122.25,3232,-70.858
37.626455,-122.25,3232,-69.858
37.625876,-122.25,3232,-68.858
37.625296,-122.25,3232,-67.858
37.624717,-122.25,3232,-66.858
37.624138,-122.25,3232,-65.858
37.623559,-122.25,3232,-64.858
37.62298,-122.25,3232,-63.858
37.622401,-122.25,3232,-62.858
37.621822,-122.25,3232,-61.858
37.621243,-122.25,3232,-60.858
37.620664,-122.25,3232,-59.858
37.620085,-122.25,3232,-58.858
37.619505,-122.25,3232,-57.858
37.618926,-122.25,3232,-56.858
37.618347,-122.25,3232,-55.858
37.617768,-122.25,3232,-54.858
37.617189,-122.25,3232,-53.858
37.61661,-122.25,3232,-52.858
37.616031,-122.25,3232,-51.858
37.615452,-122.25,3232,-50.858
37.614873,-122.25,3232,-49.858
37.614294,-122.25,3232,-48.858
37.613714,-122.25,3232,-47.858
37.613135,-122.25,3232,-46.858
37.612556,-122.25,3232,-45.858
37.611977,-122.25,3232,-44.858
37.611398,-122.25,3232,-43.858
37.610819,-122.25,3232,-42.858
37.61024,-122.25,3232,-41.858
37.609661,-122.25,3232,-40.858
37.609082,-122.25,3232,-39.858
37.608503,-122.25,3232,-38.858
37.607923,-122.25,3232,-37.858
37.607344,-122.25,3232,-36.858
37.606765,-122.25,3232,-35.858
37.606186,-122.25,3232,-34.858
37.605607,-122.25,3232,-33.858
37.605028,-122.25,3232,-32.858
37.604449,-122.25,3232,-31.858
37.60387,-122.25,3232,-30.858
37.603291,-122.25,3232,-29.858
37.602712,-122.25,3232,-28.858
37.602133,-122.25,3232,-27.858
37.601553,-122.25,3232,-26.858
37.600974,-122.25,3232,-25.858
37.600395,-122.25,3232,-24.858
37.599816,-122.25,3232,-23.858
37.599237,-122.25,3232,-22.858
37.598658,-122.25,3232,-21.858
37.598079,-122.25,3232,-20.858
37.5975,-122.25,3232,-19.858
37.596921,-122.25,3232,-18.858
37.596342,-122.25,3232,-17.858
37.595762,-122.25,3232,-16.858
37.595183,-122.25,3232,-15.858
37.594604,-122.25,3232,-14.858
37.594025,-122.25,3232,-13.858
37.593446,-122.25,3232,-12.858
37.592867,-122.25,3232,-11.858
37.592288,-122.25,3232,-10.858
37.591709,-122.25,3232,-9.858
37.59113,-122.25,3232,-8.858
37.590551,-122.25,3232,-7.858
37.589971,-122.25,3232,-6.858
37.589392,-122.25,3232,-5.858
37.588813,-122.25,3232,-4.858
37.588234,-122.25,3232,-3.858
37.587655,-122.25,3232,-2.858
37.587076,-122.25,3232,-1.858
37.586497,-122.25,3232,-0.858
37.586,-122.25,3232,0.142
37.585421,-122.25,3232,1.142
37.584842,-122.25,3232,2.142
37.584263,-122.25,3232,3.142
37.583684,-122.25,3232,4.142
37.583104,-122.25,3232,5.142
37.582525,-122.25,3232,6.142
37.581946,-122.25,3232,7.142
37.581367,-122.25,3232,8.142
37.580788,-122.25,3232,9.142
37.580209,-122.25,3232,10.142
37.57963,-122.25,3232,11.142
37.579051,-122.25,3232,12.142
37.578471,-122.25,3232,13.142
37.577892,-122.25,3232,14.142
37.577313,-122.25,3232,15.142
37.576734,-122.25,3232,16.142
37.576155,-122.25,3232,17.142
37.575576,-122.25,3232,18.142
37.574997,-122.25,3232,19.142
37.574418,-122.25,3232,20.142
37.573838,-122.25,3232,21.142
37.573259,-122.25,3232,22.142
37.57268,-122.25,3232,23.142
37.572101,-122.25,3232,24.142
37.571522,-122.25,3232,25.142
37.570943,-122.25,3232,26.142
37.570364,-122.25,3232,27.142
37.569785,-122.25,3232,28.142
37.569205,-122.25,3232,29.142
37.568626,-122.25,3232,30.142
37.568047,-122.25,3232,31.142
37.567468,-122.25,3232,32.142
37.566889,-122.25,3232,33.142
37.56631,-122.25,3232,34.142
37.565731,-122.25,3232,35.142
37.565152,-122.25,3232,36.142
37.564573,-122.25,3232,37.142
37.563993,-122.25,3232,38.142
37.563414,-122.25,3232,39.142
37.562835,-122.25,3232,40.142
37.562256,-122.25,3232,41.142
37.561677,-122.25,3232,42.142
37.561098,-122.25,3232,43.142
37.560519,-122.25,3232,44.142
37.55994,-122.25,3232,45.142
37.55936,-122.25,3232,46.142
37.558781,-122.25,3232,47.142
37.558202,-122.25,3232,48.142
37.557623,-122.25,3232,49.142
37.557044,-122.25,3232,50.142
37.556465,-122.25,3232,51.142
37.555886,-122.25,3232,52.142
37.555307,-122.25,3232,53.142
37.554727,-122.25,3232,54.142
37.554148,-122.25,3232,55.142
37.553569,-122.25,3232,56.142
37.55299,-122.25,3232,57.142
37.552411,-122.25,3232,58.142
37.551832,-122.25,3232,59.142
37.551253,-122.25,3232,60.142
37.550674,-122.25,3232,61.142
37.550094,-122.25,3232,62.142
37.549515,-122.25,3232,63.142
37.548936,-122.25,3232,64.142
37.548357,-122.25,3232,65.142
37.547778,-122.25,3232,66.142
37.547199,-122.25,3232,67.142
37.54662,-122.25,3232,68.142
37.546041,-122.25,3232,69.142
37.545462,-122.25,3232,70.142
37.544882,-122.25,3232,71.142
37.544303,-122.25,3232,72.142
37.543724,-122.25,3232,73.142
37.543145,-122.25,3232,74.142
37.542566,-122.25,3232,75.142
37.541987,-122.25,3232,76.142
37.541408,-122.25,3232,77.142
37.540829,-122.25,3232,78.142
37.540249,-122.25,3232,79.142
37.53967,-122.25,3232,80.142
37.539091,-122.25,3232,81.142
37.538512,-122.25,3232,82.142
37.537933,-122.25,3232,83.142
37.537354,-122.25,3232,84.142
37.536775,-122.25,3232,85.142
37.536196,-122.25,3232,86.142
37.535616,-122.25,3232,87.142
37.535037,-122.25,3232,88.142
37.534458,-122.25,3232,89.142
37.533879,-122.25,3232,90.142
37.5333,-122.25,3232,91.142
37.532721,-122.25,3232,92.142
37.532142,-122.25,3232,93.142
37.531563,-122.25,3232,94.142
37.530983,-122.25,3232,95.142
37.530404,-122.25,3232,96.142
37.529825,-122.25,3232,97.142
37.529246,-122.25,3232,98.142
37.528667,-122.25,3232,99.142
37.528088,-122.25,3232,100.142
37.527509,-122.25,3232,101.142
37.52693,-122.25,3232,102.142
37.526351,-122.25,3232,103.142
37.525771,-122.25,3232,104.142
37.525192,-122.25,3232,105.142
37.524613,-122.25,3232,106.142
37.524034,-122.25,3232,107.142
37.523455,-122.25,3232,108.142
37.522876,-122.25,3232,109.142
37.522297,-122.25,3232,110.142
37.521718,-122.25,3232,111.142
37.521138,-122.25,3232,112.142
37.520559,-122.25,3232,113.142
37.51998,-122.25,3232,114.142
37.519401,-122.25,3232,115.142
37.518822,-122.25,3232,116.142
37.518243,-122.25,3232,117.142
37.517664,-122.25,3232,118.142
37.517085,-122.25,3232,119.142
37.516505,-122.25,3232,120.142
37.515926,-122.25,3232,121.142
37.515347,-122.25,3232,122.142
37.514768,-122.25,3232,123.142
37.514189,-122.25,3232,124.142
37.51361,-122.25,3232,125.142
37.513031,-122.25,3232,126.142
37.512452,-122.25,3232,127.142
37.511872,-122.25,3232,128.142
37.511293,-122.25,3232,129.142
37.510714,-122.25,3232,130.142
37.510135,-122.25,3232,131.142
37.509556,-122.25,3232,132.142
37.508977,-122.25,3232,133.142
37.508398,-122.25,3232,134.142
37.507819,-122.25,3232,135.142
37.50724,-122.25,3232,136.142
37.50666,-122.25,3232,137.142
37.506081,-122.25,3232,138.142
37.505502,-122.25,3232,139.142
37.504923,-122.25,3232,140.142
37.504344,-122.25,3232,141.142
37.503765,-122.25,3232,142.142
37.503186,-122.25,3232,143.142
37.502607,-122.25,3232,144.142
37.502027,-122.25,3232,145.142
37.501448,-122.25,3232,146.142
37.500869,-122.25,3232,147.142
37.50029,-122.25,3232,148.142
37.499711,-122.25,3232,149.142
37.499132,-122.25,3232,150.142
37.498553,-122.25,3232,151.142
37.497974,-122.25,3232,152.142
37.497394,-122.25,3232,153.142
37.496815,-122.25,3232,154.142
37.496236,-122.25,3232,155.142
37.495657,-122.25,3232,156.142
37.495078,-122.25,3232,157.142
37.494499,-122.25,3232,158.142
37.49392,-122.25,3232,159.142
37.493341,-122.25,3232,160.142
37.492761,-122.25,3232,161.142
37.492182,-122.25,3232,162.142
37.491603,-122.25,3232,163.142
37.491024,-122.25,3232,164.142
37.490445,-122.25,3232,165.142
37.489866,-122.25,3232,166.142
37.489287,-122.25,3232,167.142
37.488708,-122.25,3232,168.142
37.488129,-122.25,3232,169.142
37.487549,-122.25,3232,170.142
37.48697,-122.25,3232,171.142
37.486391,-122.25,3232,172.142
37.485812,-122.25,3232,173.142
37.485233,-122.25,3232,174.142
37.484654,-122.25,3232,175.142
37.484075,-122.25,3232,176.142
37.483496,-122.25,3232,177.142
37.482916,-122.25,3232,178.142
37.482337,-122.25,3232,179.142
37.481758,-122.25,3232,180.142
37.481179,-122.25,3232,181.142
37.4806,-122.25,3232,182.142
37.480021,-122.25,3232,183.142
37.479442,-122.25,3232,184.142
37.478863,-122.25,3232,185.142
37.478283,-122.25,3232,186.142
37.477704,-122.25,3232,187.142
37.477125,-122.25,3232,188.142
37.476546,-122.25,3232,189.142
37.475967,-122.25,3232,190.142
37.475388,-122.25,3232,191.142
37.474809,-122.25,3232,192.142
37.47423,-122.25,3232,193.142
37.47365,-122.25,3232,194.142
37.473071,-122.25,3232,195.142
37.472492,-122.25,3232,196.142
37.471913,-122.25,3232,197.142
37.471334,-122.25,3232,198.142
37.470755,-122.25,3232,199.142
37.470176,-122.25,3232,200.142
37.469597,-122.25,3232,201.142
37.469018,-122.25,3232,202.142
37.468438,-122.25,3232,203.142
37.467859,-122.25,3232,204.142
37.46728,-122.25,3232,205.142
37.466701,-122.25,3232,206.142
37.466122,-122.25,3232,207.142
37.465543,-122.25,3232,208.142
37.464964,-122.25,3232,209.142
37.464385,-122.25,3232,210.142
37.463805,-122.25,3232,211.142
37.463226,-122.25,3232,212.142
37.462647,-122.25,3232,213.142
37.462068,-122.25,3232,214.142
37.461489,-122.25,3232,215.142
37.46091,-122.25,3232,216.142
37.460331,-122.25,3232,217.142
37.459752,-122.25,3232,218.142
37.459172,-122.25,3232,219.142
37.458593,-122.25,3232,220.142
37.458014,-122.25,3232,221.142
37.457435,-122.25,3232,222.142
37.456856,-122.25,3232,223.142
37.456277,-122.25,3232,224.142
37.455698,-122.25,3232,225.142
37.455119,-122.25,3232,226.142
37.454539,-122.25,3232,227.142
37.45396,-122.25,3232,228.142
37.453381,-122.25,3232,229.142
37.452802,-122.25,3232,230.142
37.452223,-122.25,3232,231.142
37.451644,-122.25,3232,232.142
37.451065,-122.25,3232,233.142
37.450486,-122.25,3232,234.142
37.449907,-122.25,3232,235.142
37.449327,-122.25,3232,236.142
37.448748,-122.25,3232,237.142
37.448169,-122.25,3232,238.142
37.44759,-122.25,3232,239.142
37.447011,-122.25,3232,240.142
37.446432,-122.25,3232,241.142
37.445853,-122.25,3232,242.142
37.445274,-122.25,3232,243.142
37.444694,-122.25,3232,244.142
37.444115,-122.25,3232,245.142
37.443536,-122.25,3232,246.142
37.442957,-122.25,3232,247.142
37.442378,-122.25,3232,248.142
37.441799,-122.25,3232,249.142
37.44122,-122.25,3232,250.142
37.440641,-122.25,3232,251.142
37.440061,-122.25,3232,252.142
37.439482,-122.25,3232,253.142
37.438903,-122.25,3232,254.142
37.438324,-122.25,3232,255.142
37.437745,-122.25,3232,256.142
37.437166,-122.25,3232,257.142
37.436587,-122.25,3232,258.142
37.436008,-122.25,3232,259.142
37.435428,-122.25,3232,260.142
37.434849,-122.25,3232,261.142
37.43427,-122.25,3232,262.142
37.433691,-122.25,3232,263.142
37.433112,-122.25,3232,264.142
37.432533,-122.25,3232,265.142
37.431954,-122.25,3232,266.142
37.431375,-122.25,3232,267.142
37.430796,-122.25,3232,268.142
37.430216,-122.25,3232,269.142
37.429637,-122.25,3232,270.142
37.429058,-122.25,3232,271.142
37.428479,-122.25,3232,272.142
37.4279,-122.25,3232,273.142
37.427321,-122.25,3232,274.142
37.426742,-122.25,3232,275.142
37.426163,-122.25,3232,276.142
37.425583,-122.25,3232,277.142
37.425004,-122.25,3232,278.142
37.424425,-122.25,3232,279.142
37.423846,-122.25,3232,280.142
37.423267,-122.25,3232,281.142
37.422688,-122.25,3232,282.142
37.422109,-122.25,3232,283.142
37.42153,-122.25,3232,284.142
37.42095,-122.25,3232,285.142
37.420371,-122.25,3232,286.142
37.419792,-122.25,3232,287.142
37.419213,-122.25,3232,288.142
37.418634,-122.25,3232,289.142
37.418055,-122.25,3232,290.142
37.417476,-122.25,3232,291.142
37.416897,-122.25,3232,292.142
37.416317,-122.25,3232,293.142
37.415738,-122.25,3232,294.142
37.415159,-122.25,3232,295.142
37.41458,-122.25,3232,296.142
37.414001,-122.25,3232,297.142
37.413422,-122.25,3232,298.142
37.412843,-122.25,3232,299.142
37.412264,-122.25,3232,300.142
37.411685,-122.25,3232,301.142
37.411105,-122.25,3232,302.142
37.410526,-122.25,3232,303.142
37.409947,-122.25,3232,304.142
37.409368,-122.25,3232,305.142
37.408789,-122.25,3232,306.142
37.40821,-122.25,3232,307.142
37.407631,-122.25,3232,308.142
37.407052,-122.25,3232,309.142
37.406472,-122.25,3232,310.142
37.405893,-122.25,3232,311.142
37.405314,-122.25,3232,312.142
37.404735,-122.25,3232,313.142
37.404156,-122.25,3232,314.142
37.403577,-122.25,3232,315.142
37.402998,-122.25,3232,316.142
37.402419,-122.25,3232,317.142
37.401839,-122.25,3232,318.142
37.40126,-122.25,3232,319.142
37.400681,-122.25,3232,320.142
37.400102,-122.25,3232,321.142
37.399523,-122.25,3232,322.142
37.398944,-122.25,3232,323.142
37.398365,-122.25,3232,324.142
37.397786,-122.25,3232,325.142
37.397206,-122.25,3232,326.142
37.396627,-122.25,3232,327.142
37.396048,-122.25,3232,328.142
37.395469,-122.25,3232,329.142
37.39489,-122.25,3232,330.142
37.394311,-122.25,3232,331.142
37.393732,-122.25,3232,332.142
37.393153,-122.25,3232,333.142
37.392574,-122.25,3232,334.142
37.391994,-122.25,3232,335.142
37.391415,-122.25,3232,336.142
37.390836,-122.25,3232,337.142
37.390257,-122.25,3232,338.142
37.389678,-122.25,3232,339.142
37.389099,-122.25,3232,340.142
37.38852,-122.25,3232,341.142
37.387941,-122.25,3232,342.142
37.387361,-122.25,3232,343.142
37.386782,-122.25,3232,344.142
37.386203,-122.25,3232,345.142
37.385624,-122.25,3232,346.142
37.385045,-122.25,3232,347.142
37.384466,-122.25,3232,348.142
37.383887,-122.25,3232,349.142
37.383308,-122.25,3232,350.142
37.382728,-122.25,3232,351.142
37.382149,-122.25,3232,352.142
37.38157,-122.25,3232,353.142
37.380991,-122.25,3232,354.142
37.380412,-122.25,3232,355.142
37.379833,-122.25,3232,356.142
37.379254,-122.25,3232,357.142
37.378675,-122.25,3232,358.142
37.378095,-122.25,3232,359.142
37.377516,-122.25,3232,360.142
37.376937,-122.25,3232,361.142
37.376358,-122.25,3232,362.142
37.375779,-122.25,3232,363.142
37.3752,-122.25,3232,364.142
37.374621,-122.25,3232,365.142
37.374042,-122.25,3232,366.142
37.373462,-122.25,3232,367.142
37.372883,-122.25,3232,368.142
37.372304,-122.25,3232,369.142
37.371725,-122.25,3232,370.142
37.371146,-122.25,3232,371.142
37.370567,-122.25,3232,372.142
37.369988,-122.25,3232,373.142
37.369409,-122.25,3232,374.142
37.36883,-122.25,3232,375.142
37.36825,-122.25,3232,376.142
37.367671,-122.25,3232,377.142
37.367092,-122.25,3232,378.142
37.366513,-122.25,3232,379.142
37.365934,-122.25,3232,380.142
37.365355,-122.25,3232,381.142
37.364776,-122.25,3232,382.142
37.364197,-122.25,3232,383.142
37.363617,-122.25,3232,384.142
37.363038,-122.25,3232,385.142
37.362459,-122.25,3232,386.142
37.36188,-122.25,3232,387.142
37.361301,-122.25,3232,388.142
37.360722,-122.25,3232,389.142
37.360143,-122.25,3232,390.142
37.359564,-122.25,3232,391.142
37.358984,-122.25,3232,392.142
37.358405,-122.25,3232,393.142
37.357826,-122.25,3232,394.142
37.357247,-122.25,3232,395.142
37.356668,-122.25,3232,396.142
37.356089,-122.25,3232,397.142
37.35551,-122.25,3232,398.142
37.354931,-122.25,3232,399.142
37.354351,-122.25,3232,400.142
37.353772,-122.25,3232,401.142
37.353193,-122.25,3232,402.142
37.352614,-122.25,3232,403.142
37.352035,-122.25,3232,404.142
37.351456,-122.25,3232,405.142
37.350877,-122.25,3232,406.142
37.350298,-122.25,3232,407.142
37.349719,-122.25,3232,408.142
37.349139,-122.25,3232,409.142
37.34856,-122.25,3232,410.142
37.347981,-122.25,3232,411.142
37.347402,-122.25,3232,412.142
37.346823,-122.25,3232,413.142
37.346244,-122.25,3232,414.142
37.345665,-122.25,3232,415.142
37.345086,-122.25,3232,416.142
37.344506,-122.25,3232,417.142
37.343927,-122.25,3232,418.142
37.343348,-122.25,3232,419.142
37.342769,-122.25,3232,420.142
37.34219,-122.25,3232,421.142
37.341611,-122.25,3232,422.142
37.341032,-122.25,3232,423.142
37.340453,-122.25,3232,424.142
37.339873,-122.25,3232,425.142
37.339294,-122.25,3232,426.142
37.338715,-122.25,3232,427.142
37.338136,-122.25,3232,428.142
37.337557,-122.25,3232,429.142
37.336978,-122.25,3232,430.142
37.336399,-122.25,3232,431.142
37.33582,-122.25,3232,432.142
37.33524,-122.25,3232,433.142
37.334661,-122.25,3232,434.142
37.334082,-122.25,3232,435.142
37.333503,-122.25,3232,436.142
37.332924,-122.25,3232,437.142
37.332345,-122.25,3232,438.142
37.331766,-122.25,3232,439.142
37.331187,-122.25,3232,440.142
37.330608,-122.25,3232,441.142
37.330028,-122.25,3232,442.142
37.329449,-122.25,3232,443.142
37.32887,-122.25,3232,444.142
37.328291,-122.25,3232,445.142
37.327712,-122.25,3232,446.142
37.327133,-122.25,3232,447.142
37.326554,-122.25,3232,448.142
37.325975,-122.25,3232,449.142
37.325395,-122.25,3232,450.142
37.324816,-122.25,3232,451.142
37.324237,-122.25,3232,452.142
37.323658,-122.25,3232,453.142
37.323079,-122.25,3232,454.142
37.3225,-122.25,3232,455.142
37.321921,-122.25,3232,456.142
37.321342,-122.25,3232,457.142
37.320762,-122.25,3232,458.142
37.320183,-122.25,3232,459.142
37.319604,-122.25,3232,460.142
37.319025,-122.25,3232,461.142
37.318446,-122.25,3232,462.142
37.317867,-122.25,3232,463.142
37.317288,-122.25,3232,464.142
37.316709,-122.25,3232,465.142
37.316129,-122.25,3232,466.142
37.31555,-122.25,3232,467.142
37.314971,-122.25,3232,468.142
37.314392,-122.25,3232,469.142
37.313813,-122.25,3232,470.142
37.313234,-122.25,3232,471.142
37.312655,-122.25,3232,472.142
37.312076,-122.25,3232,473.142
37.311497,-122.25,3232,474.142
37.310917,-122.25,3232,475.142
37.310338,-122.25,3232,476.142
37.309759,-122.25,3232,477.142
37.30918,-122.25,3232,478.142
37.308601,-122.25,3232,479.142
37.308022,-122.25,3232,480.142
37.307443,-122.25,3232,481.142
37.306864,-122.25,3232,482.142
37.306284,-122.25,3232,483.142
37.305705,-122.25,3232,484.142
37.305126,-122.25,3232,485.142
37.304547,-122.25,3232,486.142
37.303968,-122.25,3232,487.142
37.303389,-122.25,3232,488.142
37.30281,-122.25,3232,489.142
37.302231,-122.25,3232,490.142
37.301651,-122.25,3232,491.142
37.301072,-122.25,3232,492.142
37.300493,-122.25,3232,493.142
37.299914,-122.25,3232,494.142
37.299335,-122.25,3232,495.142
37.298756,-122.25,3232,496.142
37.298177,-122.25,3232,497.142
37.297598,-122.25,3232,498.142
37.297018,-122.25,3232,499.142
37.296439,-122.25,3232,500.142
37.29586,-122.25,3232,501.142
37.295281,-122.25,3232,502.142
37.294702,-122.25,3232,503.142
37.294123,-122.25,3232,504.142
37.293544,-122.25,3232,505.142
37.292965,-122.25,3232,506.142
37.292386,-122.25,3232,507.142
37.291806,-122.25,3232,508.142
37.291227,-122.25,3232,509.142
37.290648,-122.25,3232,510.142
37.290069,-122.25,3232,511.142
37.28949,-122.25,3232,512.142
37.288911,-122.25,3232,513.142
37.288332,-122.25,3232,514.142
37.287753,-122.25,3232,515.142
37.287173,-122.25,3232,516.142
37.286594,-122.25,3232,517.142
37.286015,-122.25,3232,518.142
37.285436,-122.25,3232,519.142
37.284857,-122.25,3232,520.142
37.284278,-122.25,3232,521.142
37.283699,-122.25,3232,522.142
37.28312,-122.25,3232,523.142
37.28254,-122.25,3232,524.142
37.281961,-122.25,3232,525.142
37.281382,-122.25,3232,526.142
37.280803,-122.25,3232,527.142
37.280224,-122.25,3232,528.142
37.279645,-122.25,3232,529.142
37.279066,-122.25,3232,530.142
37.278487,-122.25,3232,531.142
37.277907,-122.25,3232,532.142
37.277328,-122.25,3232,533.142
37.276749,-122.25,3232,534.142
37.27617,-122.25,3232,535.142
37.275591,-122.25,3232,536.142
37.275012,-122.25,3232,537.142
37.274433,-122.25,3232,538.142
37.273854,-122.25,3232,539.142
37.273275,-122.25,3232,540.142
37.272695,-122.25,3232,541.142
37.272116,-122.25,3232,542.142
37.271537,-122.25,3232,543.142
37.270958,-122.25,3232,544.142
37.270379,-122.25,3232,545.142
37.2698,-122.25,3232,546.142
37.269221,-122.25,3232,547.142
37.268642,-122.25,3232,548.142
37.268062,-122.25,3232,549.142
37.267483,-122.25,3232,550.142
37.266904,-122.25,3232,551.142
37.266325,-122.25,3232,552.142
37.265746,-122.25,3232,553.142
37.265167,-122.25,3232,554.142
37.264588,-122.25,3232,555.142
37.264009,-122.25,3232,556.142
37.263429,-122.25,3232,557.142
37.26285,-122.25,3232,558.142
37.262271,-122.25,3232,559.142
37.261692,-122.25,3232,560.142
37.261113,-122.25,3232,561.142
37.260534,-122.25,3232,562.142
37.259955,-122.25,3232,563.142
37.259376,-122.25,3232,564.142
37.258796,-122.25,3232,565.142
37.258217,-122.25,3232,566.142
37.257638,-122.25,3232,567.142
37.257059,-122.25,3232,568.142
37.25648,-122.25,3232,569.142
37.255901,-122.25,3232,570.142
37.255322,-122.25,3232,571.142
37.254743,-122.25,3232,572.142
37.254164,-122.25,3232,573.142
37.253584,-122.25,3232,574.142
37.253005,-122.25,3232,575.142
37.252426,-122.25,3232,576.142
37.251847,-122.25,3232,577.142
37.251268,-122.25,3232,578.142
37.250689,-122.25,3232,579.142
37.25011,-122.25,3232,580.142
37.249531,-122.25,3232,581.142
37.248951,-122.25,3232,582.142
37.248372,-122.25,3232,583.142
37.247793,-122.25,3232,584.142
37.247214,-122.25,3232,585.142
37.246635,-122.25,3232,586.142
37.246056,-122.25,3232,587.142
37.245477,-122.25,3232,588.142
37.244898,-122.25,3232,589.142
37.244318,-122.25,3232,590.142
37.243739,-122.25,3232,591.142
37.24316,-122.25,3232,592.142
37.242581,-122.25,3232,593.142
37.242002,-122.25,3232,594.142
37.241423,-122.25,3232,595.142
37.240844,-122.25,3232,596.142
37.240265,-122.25,3232,597.142
37.239685,-122.25,3232,598.142
37.239106,-122.25,3232,599.142
37.238527,-122.25,3232,600.142
37.237948,-122.25,3232,601.142
37.237369,-122.25,3232,602.142
37.23679,-122.25,3232,603.142
37.236211,-122.25,3232,604.142
37.235632,-122.25,3232,605.142
37.235053,-122.25,3232,606.142
37.234473,-122.25,3232,607.142
37.233894,-122.25,3232,608.142
37.233315,-122.25,3232,609.142
37.232736,-122.25,3232,610.142
37.232157,-122.25,3232,611.142
37.231578,-122.25,3232,612.142
37.230999,-122.25,3232,613.142
37.23042,-122.25,3232,614.142
37.22984,-122.25,3232,615.142
37.229261,-122.25,3232,616.142
37.228682,-122.25,3232,617.142
37.228103,-122.25,3232,618.142
37.227524,-122.25,3232,619.142
37.226945,-122.25,3232,620.142
37.226366,-122.25,3232,621.142
37.225787,-122.25,3232,622.142
37.225207,-122.25,3232,623.142
37.224628,-122.25,3232,624.142
37.224049,-122.25,3232,625.142
37.22347,-122.25,3232,626.142
37.222891,-122.25,3232,627.142
37.222312,-122.25,3232,628.142
37.221733,-122.25,3232,629.142
37.221154,-122.25,3232,630.142
37.220574,-122.25,3232,631.142
37.22,-122.25,3232,632.142
37.219421,-122.25,3232,633.142
37.218842,-122.25,3232,634.142
37.218263,-122.25,3232,635.142
37.217683,-122.25,3232,636.142
37.217104,-122.25,3232,637.142
37.216525,-122.25,3232,638.142
37.215946,-122.25,3232,639.142
37.215367,-122.25,3232,640.142
37.214788,-122.25,3232,641.142
37.214208,-122.25,3232,642.142
37.213629,-122.25,3232,643.142
37.21305,-122.25,3232,644.142
37.212471,-122.25,3232,645.142
37.211892,-122.25,3232,646.142
37.211313,-122.25,3232,647.142
37.210734,-122.25,3232,648.142
37.210154,-122.25,3232,649.142
37.209575,-122.25,3232,650.142
37.208996,-122.25,3232,651.142
37.208417,-122.25,3232,652.142
37.207838,-122.25,3232,653.142
37.207259,-122.25,3232,654.142
37.20668,-122.25,3232,655.142
37.2061,-122.25,3232,656.142
37.205521,-122.25,3232,657.142
37.204942,-122.25,3232,658.142
37.204363,-122.25,3232,659.142
37.203784,-122.25,3232,660.142
37.203205,-122.25,3232,661.142
37.202625,-122.25,3232,662.142
37.202046,-122.25,3232,663.142
37.201467,-122.25,3232,664.142
37.200888,-122.25,3232,665.142
37.200309,-122.25,3232,666.142
37.19973,-122.25,3232,667.142
37.199151,-122.25,3232,668.142
37.198571,-122.25,3232,669.142
37.197992,-122.25,3232,670.142
37.197413,-122.25,3232,671.142
37.196834,-122.25,3232,672.142
37.196255,-122.25,3232,673.142
37.195676,-122.25,3232,674.142
37.195097,-122.25,3232,675.142
37.194517,-122.25,3232,676.142
37.193938,-122.25,3232,677.142
37.193359,-122.25,3232,678.142
37.19278,-122.25,3232,679.142
37.192201,-122.25,3232,680.142
37.191622,-122.25,3232,681.142
37.191042,-122.25,3232,682.142
37.190463,-122.25,3232,683.142
37.189884,-122.25,3232,684.142
37.189305,-122.25,3232,685.142
37.188726,-122.25,3232,686.142
37.188147,-122.25,3232,687.142
37.187568,-122.25,3232,688.142
37.186988,-122.25,3232,689.142
37.186409,-122.25,3232,690.142
37.18583,-122.25,3232,691.142
37.185251,-122.25,3232,692.142
37.184672,-122.25,3232,693.142
37.184093,-122.25,3232,694.142
37.183514,-122.25,3232,695.142
37.182934,-122.25,3232,696.142
37.182355,-122.25,3232,697.142
37.181776,-122.25,3232,698.142
37.181197,-122.25,3232,699.142
37.180618,-122.25,3232,700.142
37.180039,-122.25,3232,701.142
37.179459,-122.25,3232,702.142
37.17888,-122.25,3232,703.142
37.178301,-122.25,3232,704.142
37.177722,-122.25,3232,705.142
37.177143,-122.25,3232,706.142
37.176564,-122.25,3232,707.142
37.175985,-122.25,3232,708.142
37.175405,-122.25,3232,709.142
37.174826,-122.25,3232,710.142
37.174247,-122.25,3232,711.142
37.173668,-122.25,3232,712.142
37.173089,-122.25,3232,713.142
37.17251,-122.25,3232,714.142
37.171931,-122.25,3232,715.142
37.171351,-122.25,3232,716.142
37.170772,-122.25,3232,717.142
37.170193,-122.25,3232,718.142
37.169614,-122.25,3232,719.142
37.169035,-122.25,3232,720.142
37.168456,-122.25,3232,721.142
37.167876,-122.25,3232,722.142
37.167297,-122.25,3232,723.142
37.166718,-122.25,3232,724.142
37.166139,-122.25,3232,725.142
37.16556,-122.25,3232,726.142
37.164981,-122.25,3232,727.142
37.164402,-122.25,3232,728.142
37.163822,-122.25,3232,729.142
37.163243,-122.25,3232,730.142
37.162664,-122.25,3232,731.142
37.162085,-122.25,3232,732.142
37.161506,-122.25,3232,733.142
37.160927,-122.25,3232,734.142
37.160348,-122.25,3232,735.142
37.159768,-122.25,3232,736.142
37.159189,-122.25,3232,737.142
37.15861,-122.25,3232,738.142
37.158031,-122.25,3232,739.142
37.157452,-122.25,3232,740.142
37.156873,-122.25,3232,741.142
37.156293,-122.25,3232,742.142
37.155714,-122.25,3232,743.142
37.155135,-122.25,3232,744.142
37.154556,-122.25,3232,745.142
37.153977,-122.25,3232,746.142
37.153398,-122.25,3232,747.142
37.152819,-122.25,3232,748.142
37.152239,-122.25,3232,749.142
37.15166,-122.25,3232,750.142
37.151081,-122.25,3232,751.142
37.150502,-122.25,3232,752.142
37.149923,-122.25,3232,753.142
37.149344,-122.25,3232,754.142
37.148765,-122.25,3232,755.142
37.148185,-122.25,3232,756.142
37.147606,-122.25,3232,757.142
37.147027,-122.25,3232,758.142
37.146448,-122.25,3232,759.142
37.145869,-122.25,3232,760.142
37.14529,-122.25,3232,761.142
37.14471,-122.25,3232,762.142
37.144131,-122.25,3232,763.142
37.143552,-122.25,3232,764.142
37.142973,-122.25,3232,765.142
37.142394,-122.25,3232,766.142
37.141815,-122.25,3232,767.142
37.141236,-122.25,3232,768.142
37.140656,-122.25,3232,769.142
37.140077,-122.25,3232,770.142
37.139498,-122.25,3232,771.142
37.138919,-122.25,3232,772.142
37.13834,-122.25,3232,773.142
37.137761,-122.25,3232,774.142
37.137182,-122.25,3232,775.142
37.136602,-122.25,3232,776.142
37.136023,-122.25,3232,777.142
37.135444,-122.25,3232,778.142
37.134865,-122.25,3232,779.142
37.134286,-122.25,3232,780.142
37.133707,-122.25,3232,781.142
37.133127,-122.25,3232,782.142
37.132548,-122.25,3232,783.142
37.131969,-122.25,3232,784.142
37.13139,-122.25,3232,785.142
37.130811,-122.25,3232,786.142
37.130232,-122.25,3232,787.142
37.129653,-122.25,3232,788.142
37.129073,-122.25,3232,789.142
37.128494,-122.25,3232,790.142
37.127915,-122.25,3232,791.142
37.127336,-122.25,3232,792.142
37.126757,-122.25,3232,793.142
37.126178,-122.25,3232,794.142
37.125599,-122.25,3232,795.142
37.125019,-122.25,3232,796.142
37.12444,-122.25,3232,797.142
37.123861,-122.25,3232,798.142
37.123282,-122.25,3232,799.142
37.122703,-122.25,3232,800.142
37.122124,-122.25,3232,801.142
37.121544,-122.25,3232,802.142
37.120965,-122.25,3232,803.142
37.120386,-122.25,3232,804.142
37.119807,-122.25,3232,805.142
37.119228,-122.25,3232,806.142
37.118649,-122.25,3232,807.142
37.11807,-122.25,3232,808.142
37.11749,-122.25,3232,809.142
37.116911,-122.25,3232,810.142
37.116332,-122.25,3232,811.142
37.115753,-122.25,3232,812.142
37.115174,-122.25,3232,813.142
37.114595,-122.25,3232,814.142
37.114016,-122.25,3232,815.142
37.113436,-122.25,3232,816.142
37.112857,-122.25,3232,817.142
37.112278,-122.25,3232,818.142
37.111699,-122.25,3232,819.142
37.11112,-122.25,3232,820.142
37.110541,-122.25,3232,821.142
37.109961,-122.25,3232,822.142
37.109382,-122.25,3232,823.142
37.108803,-122.25,3232,824.142
37.108224,-122.25,3232,825.142
37.107645,-122.25,3232,826.142
37.107066,-122.25,3232,827.142
37.106487,-122.25,3232,828.142
37.105907,-122.25,3232,829.142
37.105328,-122.25,3232,830.142
37.104749,-122.25,3232,831.142
37.10417,-122.25,3232,832.142
37.103591,-122.25,3232,833.142
37.103012,-122.25,3232,834.142
37.102433,-122.25,3232,835.142
37.101853,-122.25,3232,836.142
37.101274,-122.25,3232,837.142
37.100695,-122.25,3232,838.142
37.100116,-122.25,3232,839.142
37.099537,-122.25,3232,840.142
37.098958,-122.25,3232,841.142
37.098378,-122.25,3232,842.142
37.097799,-122.25,3232,843.142
37.09722,-122.25,3232,844.142
37.096641,-122.25,3232,845.142
37.096062,-122.25,3232,846.142
37.095483,-122.25,3232,847.142
37.094904,-122.25,3232,848.142
37.094324,-122.25,3232,849.142
37.093745,-122.25,3232,850.142
37.093166,-122.25,3232,851.142
37.092587,-122.25,3232,852.142
37.092008,-122.25,3232,853.142
37.091429,-122.25,3232,854.142
37.09085,-122.25,3232,855.142
37.09027,-122.25,3232,856.142
37.089691,-122.25,3232,857.142
37.089112,-122.25,3232,858.142
37.088533,-122.25,3232,859.142
37.087954,-122.25,3232,860.142
37.087375,-122.25,3232,861.142
37.086795,-122.25,3232,862.142
37.086216,-122.25,3232,863.142
37.085637,-122.25,3232,864.142
37.085058,-122.25,3232,865.142
37.084479,-122.25,3232,866.142
37.0839,-122.25,3232,867.142
37.083321,-122.25,3232,868.142
37.082741,-122.25,3232,869.142
37.082162,-122.25,3232,870.142
37.081583,-122.25,3232,871.142
37.081004,-122.25,3232,872.142
37.080425,-122.25,3232,873.142
37.079846,-122.25,3232,874.142
37.079267,-122.25,3232,875.142
37.078687,-122.25,3232,876.142
37.078108,-122.25,3232,877.142
37.077529,-122.25,3232,878.142
37.07695,-122.25,3232,879.142
37.076371,-122.25,3232,880.142
37.075792,-122.25,3232,881.142
37.075212,-122.25,3232,882.142
37.074633,-122.25,3232,883.142
37.074054,-122.25,3232,884.142
37.073475,-122.25,3232,885.142
37.072896,-122.25,3232,886.142
37.072317,-122.25,3232,887.142
37.071738,-122.25,3232,888.142
37.071158,-122.25,3232,889.142
37.070579,-122.25,3232,890.142
37.07,-122.25,3232,891.142
37.069421,-122.25,3232,892.142
37.068842,-122.25,3232,893.142
37.068263,-122.25,3232,894.142
37.067684,-122.25,3232,895.142
37.067104,-122.25,3232,896.142
37.066525,-122.25,3232,897.142
37.065946,-122.25,3232,898.142
37.065367,-122.25,3232,899.142
37.064788,-122.25,3232,900.142
37.064209,-122.25,3232,901.142
37.063629,-122.25,3232,902.142
37.06305,-122.25,3232,903.142
37.062471,-122.25,3232,904.142
37.061892,-122.25,3232,905.142
37.061313,-122.25,3232,906.142
37.060734,-122.25,3232,907.142
37.060155,-122.25,3232,908.142
37.059575,-122.25,3232,909.142
37.058996,-122.25,3232,910.142
37.058417,-122.25,3232,911.142
37.057838,-122.25,3232,912.142
37.057259,-122.25,3232,913.142
37.05668,-122.25,3232,914.142
37.056101,-122.25,3232,915.142
37.055521,-122.25,3232,916.142
37.054942,-122.25,3232,917.142
37.054363,-122.25,3232,918.142
37.053784,-122.25,3232,919.142
37.053205,-122.25,3232,920.142
37.052626,-122.25,3232,921.142
37.052046,-122.25,3232,922.142
37.051467,-122.25,3232,923.142
37.050888,-122.25,3232,924.142
37.050309,-122.25,3232,925.142
37.04973,-122.25,3232,926.142
37.049151,-122.25,3232,927.142
37.048572,-122.25,3232,928.142
37.047992,-122.25,3232,929.142
37.047413,-122.25,3232,930.142
37.046834,-122.25,3232,931.142
37.046255,-122.25,3232,932.142
37.045676,-122.25,3232,933.142
37.045097,-122.25,3232,934.142
37.044518,-122.25,3232,935.142
37.043938,-122.25,3232,936.142
37.043359,-122.25,3232,937.142
37.04278,-122.25,3232,938.142
37.042201,-122.25,3232,939.142
37.041622,-122.25,3232,940.142
37.041043,-122.25,3232,941.142
37.040463,-122.25,3232,942.142
37.039884,-122.25,3232,943.142
37.039305,-122.25,3232,944.142
37.038726,-122.25,3232,945.142
37.038147,-122.25,3232,946.142
37.037568,-122.25,3232,947.142
37.036989,-122.25,3232,948.142
37.036409,-122.25,3232,949.142
37.03583,-122.25,3232,950.142
37.035251,-122.25,3232,951.142
37.034672,-122.25,3232,952.142
37.034093,-122.25,3232,953.142
37.033514,-122.25,3232,954.142
37.032935,-122.25,3232,955.142
37.032355,-122.25,3232,956.142
37.031776,-122.25,3232,957.142
37.031197,-122.25,3232,958.142
37.030618,-122.25,3232,959.142
37.030039,-122.25,3232,960.142
37.02946,-122.25,3232,961.142
37.02888,-122.25,3232,962.142
37.028301,-122.25,3232,963.142
37.027722,-122.25,3232,964.142
37.027143,-122.25,3232,965.142
37.026564,-122.25,3232,966.142
37.025985,-122.25,3232,967.142
37.025406,-122.25,3232,968.142
37.024826,-122.25,3232,969.142
37.024247,-122.25,3232,970.142
37.023668,-122.25,3232,971.142
37.023089,-122.25,3232,972.142
37.02251,-122.25,3232,973.142
37.021931,-122.25,3232,974.142
37.021352,-122.25,3232,975.142
37.020772,-122.25,3232,976.142
37.020193,-122.25,3232,977.142
37.019614,-122.25,3232,978.142
37.019035,-122.25,3232,979.142
37.018456,-122.25,3232,980.142
37.017877,-122.25,3232,981.142
37.017297,-122.25,3232,982.142
37.016718,-122.25,3232,983.142
37.016139,-122.25,3232,984.142
37.01556,-122.25,3232,985.142
37.014981,-122.25,3232,986.142
37.014402,-122.25,3232,987.142
37.013823,-122.25,3232,988.142
37.013243,-122.25,3232,989.142
37.012664,-122.25,3232,990.142
37.012085,-122.25,3232,991.142
37.011506,-122.25,3232,992.142
37.010927,-122.25,3232,993.142
37.010348,-122.25,3232,994.142
37.009769,-122.25,3232,995.142
37.009189,-122.25,3232,996.142
37.00861,-122.25,3232,997.142
37.008031,-122.25,3232,998.142
37.007452,-122.25,3232,999.142
37.006873,-122.25,3232,1000.142
37.006294,-122.25,3232,1001.142
37.005714,-122.25,3232,1002.142
37.005135,-122.25,3232,1003.142
37.004556,-122.25,3232,1004.142
37.003977,-122.25,3232,1005.142
37.003398,-122.25,3232,1006.142
37.002819,-122.25,3232,1007.142
37.00224,-122.25,3232,1008.142
37.00166,-122.25,3232,1009.142
37.001081,-122.25,3232,1010.142
37.000502,-122.25,3232,1011.142